SS

matrix0
strain=0.0
BEGIN
289.36	71.92	77.95	-0.15	0.1	7.68
71.92	202.22	77.17	-0.23	0.07	2.96
END

matrix1
strain=0.050732
BEGIN
291.28	71.53	77.89	-0.16	0.08	6.16
71.53	201.62	77.12	-0.23	0.06	2.3
END

matrix2
strain=0.10046
BEGIN
293.98	70.96	77.77	-0.16	0.05	2.39
70.96	200.84	77.07	-0.23	0.05	0.92
END

matrix3
strain=0.15099
BEGIN
295.94	70.65	77.57	-0.16	0.04	-0.94
70.65	200.36	77.05	-0.23	0.04	-0.23
END

matrix4
strain=0.20024
BEGIN
297.28	70.53	77.35	-0.16	0.02	-3.58
70.53	200.1	77.04	-0.22	0.03	-1.12
END

matrix5
strain=0.25013
BEGIN
298.18	70.53	77.13	-0.15	0.01	-5.96
70.53	199.98	77.04	-0.22	0.03	-1.93
END

matrix6
strain=0.30049
BEGIN
298.69	70.63	76.91	-0.14	-0.01	-8.17
70.63	199.99	77.04	-0.21	0.02	-2.7
END

matrix7
strain=0.35048
BEGIN
298.93	70.8	76.71	-0.14	-0.03	-10.12
70.8	200.07	77.04	-0.2	0.02	-3.4
END

matrix8
strain=0.40006
BEGIN
300.56	70.48	76.53	-0.13	-0.05	-9.1
70.48	199.68	77.04	-0.19	0.02	-3.06
END

matrix9
strain=0.45017
BEGIN
301.74	69.91	76.72	-0.13	-0.01	1.94
69.91	199.14	77.0	-0.21	0.04	0.5
END

matrix10
strain=0.50057
BEGIN
300.17	70.19	76.91	-0.13	0.01	4.36
70.19	199.49	77.01	-0.22	0.05	1.31
END

matrix11
strain=0.55081
BEGIN
298.37	70.52	77.1	-0.14	0.04	6.12
70.52	199.93	77.03	-0.22	0.05	1.93
END

matrix12
strain=0.6002
BEGIN
296.11	70.97	77.3	-0.14	0.05	8.12
70.97	200.52	77.05	-0.23	0.05	2.68
END

matrix13
strain=0.65001
BEGIN
293.36	71.54	77.5	-0.15	0.07	10.16
71.54	201.28	77.08	-0.24	0.06	3.51
END

matrix14
strain=0.70029
BEGIN
290.14	72.23	77.68	-0.16	0.09	12.13
72.23	202.23	77.12	-0.25	0.06	4.39
END

matrix15
strain=0.75015
BEGIN
286.42	73.04	77.84	-0.16	0.1	13.97
73.04	203.41	77.18	-0.26	0.06	5.35
END

matrix16
strain=0.80001
BEGIN
282.18	73.94	77.97	-0.17	0.12	15.62
73.94	204.85	77.25	-0.27	0.06	6.39
END

matrix17
strain=0.85016
BEGIN
277.46	74.91	78.05	-0.17	0.14	17.0
74.91	206.6	77.34	-0.28	0.06	7.5
END

matrix18
strain=0.90029
BEGIN
272.27	75.92	78.07	-0.16	0.17	18.03
75.92	208.72	77.45	-0.3	0.06	8.67
END

matrix19
strain=0.95011
BEGIN
266.59	76.94	78.02	-0.16	0.21	18.66
76.94	211.31	77.58	-0.32	0.06	9.93
END

matrix20
strain=1.0
BEGIN
260.39	77.9	77.9	-0.14	0.25	18.84
77.9	214.51	77.73	-0.34	0.06	11.26
END

matrix21
strain=1.0501
BEGIN
253.55	78.77	77.71	-0.12	0.29	18.53
78.77	218.57	77.92	-0.37	0.06	12.68
END

matrix22
strain=1.1008
BEGIN
245.9	79.48	77.44	-0.1	0.32	17.78
79.48	223.9	78.14	-0.39	0.07	14.23
END

matrix23
strain=1.1512
BEGIN
238.31	79.94	77.18	-0.07	0.34	16.88
79.94	230.17	78.39	-0.41	0.09	15.85
END

SS

matrix0
strain=0.0
BEGIN
274.38	74.71	78.25	-0.12	0.16	12.19
74.71	207.48	77.04	-0.22	0.14	5.7
78.25	77.04	230.7	-0.24	0.0	0.67
78.25	77.04	230.7	-0.24	0.0	0.67
END

matrix1
strain=0.05113
BEGIN
282.39	72.8	78.44	-0.17	0.1	3.03
72.8	204.04	76.84	-0.22	0.1	1.48
78.44	76.84	230.68	-0.26	-0.05	0.37
78.44	76.84	230.68	-0.26	-0.05	0.37
END

matrix2
strain=0.10109
BEGIN
284.77	72.44	78.44	-0.19	0.06	-2.83
72.44	203.2	76.8	-0.21	0.08	-0.77
78.44	76.8	230.66	-0.27	-0.09	0.18
78.44	76.8	230.66	-0.27	-0.09	0.18
END

matrix3
strain=0.15046
BEGIN
285.53	72.54	78.38	-0.2	0.02	-7.21
72.54	203.04	76.81	-0.2	0.07	-2.42
78.38	76.81	230.65	-0.27	-0.13	0.04
78.38	76.81	230.65	-0.27	-0.13	0.04
END

matrix4
strain=0.20102
BEGIN
285.61	72.83	78.29	-0.2	-0.01	-10.55
72.83	203.16	76.83	-0.19	0.06	-3.73
78.29	76.83	230.66	-0.27	-0.16	-0.05
78.29	76.83	230.66	-0.27	-0.16	-0.05
END

matrix5
strain=0.25093
BEGIN
285.39	73.19	78.19	-0.2	-0.03	-13.19
73.19	203.39	76.85	-0.18	0.06	-4.82
78.19	76.85	230.68	-0.27	-0.18	-0.1
78.19	76.85	230.68	-0.27	-0.18	-0.1
END

matrix6
strain=0.30026
BEGIN
285.03	73.58	78.07	-0.19	-0.05	-15.4
73.58	203.7	76.87	-0.17	0.05	-5.79
78.07	76.87	230.72	-0.27	-0.21	-0.14
78.07	76.87	230.72	-0.27	-0.21	-0.14
END

matrix7
strain=0.3513
BEGIN
284.65	73.94	77.96	-0.18	-0.07	-17.16
73.94	204.01	76.88	-0.15	0.05	-6.61
77.96	76.88	230.76	-0.27	-0.22	-0.15
77.96	76.88	230.76	-0.27	-0.22	-0.15
END

matrix8
strain=0.40118
BEGIN
284.37	74.22	77.87	-0.18	-0.08	-18.33
74.22	204.25	76.87	-0.14	0.05	-7.18
77.87	76.87	230.81	-0.26	-0.24	-0.15
77.87	76.87	230.81	-0.26	-0.24	-0.15
END

matrix9
strain=0.44993
BEGIN
284.19	74.27	77.87	-0.18	-0.07	-18.38
74.27	204.33	76.88	-0.14	0.05	-7.21
77.87	76.88	230.77	-0.26	-0.23	-0.14
77.87	76.88	230.77	-0.26	-0.23	-0.14
END

matrix10
strain=0.5
BEGIN
284.04	74.23	77.92	-0.18	-0.07	-17.97
74.23	204.35	76.88	-0.13	0.05	-7.04
77.92	76.88	230.67	-0.25	-0.22	-0.14
77.92	76.88	230.67	-0.25	-0.22	-0.14
END

matrix11
strain=0.55064
BEGIN
283.85	74.2	77.96	-0.18	-0.05	-17.51
74.2	204.4	76.89	-0.13	0.05	-6.84
77.96	76.89	230.56	-0.24	-0.2	-0.14
77.96	76.89	230.56	-0.24	-0.2	-0.14
END

matrix12
strain=0.60058
BEGIN
283.63	74.16	78.0	-0.18	-0.04	-16.97
74.16	204.46	76.9	-0.12	0.05	-6.62
78.0	76.9	230.46	-0.23	-0.19	-0.14
78.0	76.9	230.46	-0.23	-0.19	-0.14
END

matrix13
strain=0.65041
BEGIN
283.38	74.12	78.04	-0.18	-0.02	-16.37
74.12	204.53	76.9	-0.12	0.05	-6.37
78.04	76.9	230.36	-0.22	-0.17	-0.15
78.04	76.9	230.36	-0.22	-0.17	-0.15
END

matrix14
strain=0.70005
BEGIN
283.07	74.09	78.07	-0.18	0.0	-15.72
74.09	204.63	76.9	-0.12	0.05	-6.11
78.07	76.9	230.27	-0.21	-0.16	-0.16
78.07	76.9	230.27	-0.21	-0.16	-0.16
END

matrix15
strain=0.75002
BEGIN
282.68	74.08	78.09	-0.18	0.03	-15.05
74.08	204.76	76.9	-0.11	0.05	-5.86
78.09	76.9	230.19	-0.19	-0.15	-0.18
78.09	76.9	230.19	-0.19	-0.15	-0.18
END

matrix16
strain=0.79992
BEGIN
282.22	74.09	78.11	-0.18	0.06	-14.4
74.09	204.92	76.89	-0.11	0.05	-5.61
78.11	76.89	230.13	-0.18	-0.15	-0.2
78.11	76.89	230.13	-0.18	-0.15	-0.2
END

matrix17
strain=0.84992
BEGIN
281.67	74.13	78.12	-0.18	0.09	-13.76
74.13	205.12	76.87	-0.11	0.05	-5.37
78.12	76.87	230.07	-0.17	-0.14	-0.21
78.12	76.87	230.07	-0.17	-0.14	-0.21
END

matrix18
strain=0.90057
BEGIN
281.05	74.16	78.12	-0.17	0.12	-13.08
74.16	205.35	76.85	-0.11	0.05	-5.09
78.12	76.85	230.04	-0.15	-0.13	-0.23
78.12	76.85	230.04	-0.15	-0.13	-0.23
END

matrix19
strain=0.95029
BEGIN
280.38	74.13	78.12	-0.15	0.16	-11.97
74.13	205.6	76.82	-0.12	0.06	-4.61
78.12	76.82	230.06	-0.14	-0.12	-0.24
78.12	76.82	230.06	-0.14	-0.12	-0.24
END

matrix20
strain=1.0015
BEGIN
280.03	73.92	78.13	-0.13	0.18	-9.84
73.92	205.69	76.78	-0.12	0.08	-3.67
78.13	76.78	230.11	-0.12	-0.1	-0.24
78.13	76.78	230.11	-0.12	-0.1	-0.24
END

SS

matrix0
strain=0.0
BEGIN
290.12	71.74	77.93	-0.15	0.09	6.85
71.74	201.97	77.16	-0.23	0.07	2.63
77.93	77.16	230.02	-0.37	-0.01	0.38
-0.15	-0.23	-0.37	68.36	1.86	-0.03
-0.15	-0.23	-0.37	68.36	1.86	-0.03
END

matrix1
strain=0.051523
BEGIN
292.74	71.16	77.87	-0.16	0.07	2.9
71.16	201.14	77.09	-0.23	0.05	1.16
77.87	77.09	230.12	-0.39	-0.04	0.28
-0.16	-0.23	-0.39	68.0	0.9	-0.03
-0.16	-0.23	-0.39	68.0	0.9	-0.03
END

matrix2
strain=0.10084
BEGIN
294.31	71.01	77.71	-0.17	0.04	-4.62
71.01	200.74	77.05	-0.22	0.04	-1.39
77.71	77.05	230.25	-0.4	-0.1	0.14
-0.17	-0.22	-0.4	67.74	-0.8	-0.03
-0.17	-0.22	-0.4	67.74	-0.8	-0.03
END

matrix3
strain=0.15042
BEGIN
294.5	71.3	77.49	-0.17	0.02	-8.88
71.3	200.86	77.04	-0.21	0.02	-2.9
77.49	77.04	230.4	-0.41	-0.15	0.07
-0.17	-0.21	-0.41	67.66	-1.75	-0.04
-0.17	-0.21	-0.41	67.66	-1.75	-0.04
END

matrix4
strain=0.20126
BEGIN
294.22	71.7	77.26	-0.16	0.01	-12.06
71.7	201.15	77.04	-0.2	0.02	-4.1
77.26	77.04	230.56	-0.41	-0.18	0.03
-0.16	-0.2	-0.41	67.63	-2.43	-0.04
-0.16	-0.2	-0.41	67.63	-2.43	-0.04
END

matrix5
strain=0.25125
BEGIN
293.58	72.18	77.04	-0.15	-0.01	-14.72
72.18	201.58	77.04	-0.19	0.01	-5.21
77.04	77.04	230.71	-0.41	-0.21	0.01
-0.15	-0.19	-0.41	67.64	-3.0	-0.04
-0.15	-0.19	-0.41	67.64	-3.0	-0.04
END

matrix6
strain=0.3006
BEGIN
292.55	72.75	76.82	-0.15	-0.03	-17.16
72.75	202.16	77.04	-0.18	0.0	-6.32
76.82	77.04	230.86	-0.41	-0.23	0.01
-0.15	-0.18	-0.41	67.69	-3.51	-0.05
-0.15	-0.18	-0.41	67.69	-3.51	-0.05
END

matrix7
strain=0.35121
BEGIN
291.3	73.36	76.62	-0.14	-0.04	-19.24
73.36	202.84	77.03	-0.17	-0.0	-7.37
76.62	77.03	230.99	-0.41	-0.24	0.02
-0.14	-0.17	-0.41	67.76	-3.95	-0.05
-0.14	-0.17	-0.41	67.76	-3.95	-0.05
END

matrix8
strain=0.40012
BEGIN
290.03	73.94	76.44	-0.13	-0.05	-20.98
73.94	203.55	77.02	-0.16	-0.01	-8.33
76.44	77.02	231.11	-0.4	-0.25	0.05
-0.13	-0.16	-0.4	67.84	-4.31	-0.05
-0.13	-0.16	-0.4	67.84	-4.31	-0.05
END

matrix9
strain=0.45013
BEGIN
289.52	74.27	76.26	-0.12	-0.06	-22.02
74.27	203.97	77.01	-0.15	-0.01	-8.94
76.26	77.01	231.21	-0.4	-0.25	0.08
-0.12	-0.15	-0.4	67.84	-4.51	-0.05
-0.12	-0.15	-0.4	67.84	-4.51	-0.05
END

matrix10
strain=0.5011
BEGIN
293.75	73.08	76.16	-0.11	-0.05	-19.6
73.08	202.41	77.01	-0.15	-0.01	-7.48
76.16	77.01	231.25	-0.41	-0.23	0.06
-0.11	-0.15	-0.41	67.38	-3.94	-0.05
-0.11	-0.15	-0.41	67.38	-3.94	-0.05
END

matrix11
strain=0.55003
BEGIN
294.78	72.6	76.3	-0.12	-0.04	-18.05
72.6	201.88	77.03	-0.15	-0.01	-6.72
76.3	77.03	231.13	-0.41	-0.21	0.03
-0.12	-0.15	-0.41	67.32	-3.64	-0.05
-0.12	-0.15	-0.41	67.32	-3.64	-0.05
END

matrix12
strain=0.60043
BEGIN
294.76	72.44	76.44	-0.12	-0.02	-17.24
72.44	201.75	77.05	-0.15	-0.01	-6.37
76.44	77.05	231.01	-0.41	-0.21	0.01
-0.12	-0.15	-0.41	67.36	-3.5	-0.05
-0.12	-0.15	-0.41	67.36	-3.5	-0.05
END

matrix13
strain=0.65002
BEGIN
294.72	72.26	76.59	-0.12	-0.01	-16.19
72.26	201.62	77.07	-0.16	-0.0	-5.93
76.59	77.07	230.86	-0.41	-0.2	-0.02
-0.12	-0.16	-0.41	67.41	-3.31	-0.05
-0.12	-0.16	-0.41	67.41	-3.31	-0.05
END

matrix14
strain=0.70006
BEGIN
294.57	72.08	76.76	-0.12	0.0	-15.02
72.08	201.52	77.1	-0.16	-0.0	-5.46
76.76	77.1	230.7	-0.4	-0.18	-0.04
-0.12	-0.16	-0.4	67.48	-3.1	-0.05
-0.12	-0.16	-0.4	67.48	-3.1	-0.05
END

matrix15
strain=0.75013
BEGIN
294.27	71.93	76.92	-0.12	0.01	-13.76
71.93	201.47	77.13	-0.17	0.0	-4.99
76.92	77.13	230.53	-0.39	-0.17	-0.07
-0.12	-0.17	-0.39	67.57	-2.87	-0.05
-0.12	-0.17	-0.39	67.57	-2.87	-0.05
END

matrix16
strain=0.79993
BEGIN
293.77	71.83	77.09	-0.12	0.02	-12.45
71.83	201.49	77.16	-0.17	0.01	-4.52
77.09	77.16	230.36	-0.38	-0.15	-0.1
-0.12	-0.17	-0.38	67.68	-2.64	-0.05
-0.12	-0.17	-0.38	67.68	-2.64	-0.05
END

matrix17
strain=0.84993
BEGIN
293.01	71.79	77.26	-0.12	0.02	-11.1
71.79	201.6	77.18	-0.18	0.02	-4.06
77.26	77.18	230.19	-0.36	-0.14	-0.14
-0.12	-0.18	-0.36	67.82	-2.39	-0.04
-0.12	-0.18	-0.36	67.82	-2.39	-0.04
END

matrix18
strain=0.90026
BEGIN
291.96	71.83	77.42	-0.12	0.02	-9.76
71.83	201.8	77.2	-0.18	0.03	-3.63
77.42	77.2	230.02	-0.34	-0.12	-0.18
-0.12	-0.18	-0.34	67.98	-2.14	-0.04
-0.12	-0.18	-0.34	67.98	-2.14	-0.04
END

matrix19
strain=0.95019
BEGIN
290.55	71.95	77.58	-0.12	0.02	-8.4
71.95	202.11	77.22	-0.18	0.05	-3.21
77.58	77.22	229.86	-0.32	-0.1	-0.22
-0.12	-0.18	-0.32	68.17	-1.88	-0.03
-0.12	-0.18	-0.32	68.17	-1.88	-0.03
END

matrix20
strain=1.0009
BEGIN
288.84	72.15	77.72	-0.12	0.02	-6.98
72.15	202.52	77.24	-0.18	0.07	-2.75
77.72	77.24	229.71	-0.29	-0.08	-0.26
-0.12	-0.18	-0.29	68.38	-1.59	-0.03
-0.12	-0.18	-0.29	68.38	-1.59	-0.03
END

matrix21
strain=1.0514
BEGIN
286.77	72.41	77.85	-0.11	0.01	-5.32
72.41	203.04	77.24	-0.18	0.09	-2.14
77.85	77.24	229.59	-0.26	-0.07	-0.29
-0.11	-0.18	-0.26	68.64	-1.21	-0.01
-0.11	-0.18	-0.26	68.64	-1.21	-0.01
END

matrix22
strain=1.1007
BEGIN
284.26	72.74	77.98	-0.11	-0.01	-3.0
72.74	203.74	77.24	-0.17	0.13	-1.15
77.98	77.24	229.5	-0.24	-0.05	-0.32
-0.11	-0.17	-0.24	68.94	-0.63	0.0
-0.11	-0.17	-0.24	68.94	-0.63	0.0
END

